0.7089655172413794
0.2910344827586207
0.8834080717488789
0.11659192825112108
0.7475862068965518
0.2524137931034483
0.932286995515695
0.06771300448430494
0.4772413793103448
0.5227586206896552
0.8044843049327354
0.19551569506726457
0.9793103448275862
0.020689655172413793
0.9968609865470852
0.003139013452914798
0.5110344827586207
0.4889655172413793
0.8497757847533632
0.15022421524663676
0.6551724137931034
0.3448275862068966
0.9040358744394619
0.09596412556053811
0.6441379310344828
0.35586206896551725
0.9847533632286996
0.015246636771300448
0.696551724137931
0.30344827586206896
0.9399103139013453
0.060089686098654706
0.7262068965517241
0.27379310344827584
0.9295964125560539
0.07040358744394619
0.6337931034482759
0.3662068965517241
0.8596412556053812
0.14035874439461885
0.6924137931034483
0.30758620689655175
0.9520179372197309
0.04798206278026906
0.5641379310344827
0.43586206896551727
0.6946188340807175
0.3053811659192825
0.7144827586206897
0.28551724137931034
0.8986547085201794
0.10134529147982063
0.8744827586206897
0.12551724137931033
0.9551569506726457
0.04484304932735426
0.8496551724137931
0.1503448275862069
0.9847533632286996
0.015246636771300448
0.5503448275862068
0.4496551724137931
0.9408071748878923
0.059192825112107626
0.6558620689655172
0.34413793103448276
0.9242152466367713
0.0757847533632287
0.6724137931034483
0.3275862068965517
0.8977578475336323
0.10224215246636771
0.36344827586206896
0.636551724137931
0.7112107623318386
0.28878923766816145
0.7986206896551724
0.2013793103448276
0.9865470852017937
0.013452914798206279
0.34206896551724136
0.6579310344827586
0.8179372197309417
0.18206278026905828
0.9524137931034483
0.04758620689655172
0.9941704035874439
0.005829596412556054
0.6834482758620689
0.31655172413793103
0.9838565022421525
0.016143497757847534
0.6710344827586207
0.3289655172413793
0.9856502242152466
0.014349775784753363
0.9910344827586207
0.00896551724137931
0.684304932735426
0.31569506726457397
0.9924137931034482
0.007586206896551724
0.7394618834080717
0.26053811659192827
0.9993103448275862
0.000689655172413793
0.7982062780269058
0.20179372197309417
0.9848275862068966
0.015172413793103448
0.8475336322869955
0.15246636771300448
0.9972413793103448
0.002758620689655172
0.8721973094170403
0.12780269058295965
0.9917241379310345
0.008275862068965517
0.8403587443946189
0.15964125560538117
0.9979310344827587
0.0020689655172413794
0.8932735426008969
0.10672645739910314
0.9993103448275862
0.000689655172413793
0.9246636771300448
0.07533632286995516
0.9710344827586207
0.028965517241379312
0.8807174887892377
0.11928251121076233
0.9951724137931034
0.004827586206896552
0.9237668161434978
0.07623318385650224
0.983448275862069
0.016551724137931035
0.8417040358744394
0.15829596412556055
0.9420689655172414
0.057931034482758624
0.8358744394618834
0.16412556053811658
0.9544827586206897
0.04551724137931035
0.7565022421524664
0.24349775784753364
0.983448275862069
0.016551724137931035
0.9798206278026906
0.020179372197309416
0.9682758620689655
0.031724137931034485
0.8838565022421525
0.11614349775784753
0.8944827586206896
0.10551724137931034
0.9143497757847534
0.08565022421524664
0.9993103448275862
0.000689655172413793
0.9506726457399103
0.04932735426008968
0.9937931034482759
0.006206896551724138
0.8964125560538116
0.10358744394618834
0.953103448275862
0.04689655172413793
0.9004484304932735
0.09955156950672646
0.9841379310344828
0.015862068965517243
0.9071748878923767
0.09282511210762331
0.8496551724137931
0.1503448275862069
0.7502242152466367
0.24977578475336323
0.9862068965517241
0.013793103448275862
0.8493273542600897
0.15067264573991032
0.9889655172413793
0.011034482758620689
0.9820627802690582
0.017937219730941704
0.9896551724137931
0.010344827586206896
0.9318385650224216
0.06816143497757847
0.9131034482758621
0.08689655172413793
0.8565022421524664
0.14349775784753363
0.74
0.26
0.6179372197309417
0.3820627802690583
0.9317241379310345
0.06827586206896552
0.8659192825112108
0.13408071748878925
0.45241379310344826
0.5475862068965517
0.9017937219730942
0.09820627802690583
0.49310344827586206
0.506896551724138
0.9623318385650225
0.03766816143497758
0.803448275862069
0.19655172413793104
0.9381165919282511
0.06188340807174888
0.7068965517241379
0.29310344827586204
0.9596412556053812
0.04035874439461883
0.5855172413793104
0.4144827586206897
0.9273542600896861
0.0726457399103139
0.5972413793103448
0.4027586206896552
0.8578475336322869
0.142152466367713
