0.7048275862068966
0.29517241379310344
0.8861497086508292
0.11385029134917078
0.7475862068965518
0.2524137931034483
0.9278350515463918
0.07216494845360824
0.4786206896551724
0.5213793103448275
0.8077095472882115
0.19229045271178843
0.9793103448275862
0.020689655172413793
0.9964141640519946
0.003585835948005379
0.5144827586206897
0.48551724137931035
0.8493948901837741
0.1506051098162259
0.6524137931034483
0.34758620689655173
0.9148363962348722
0.08516360376512774
0.6496551724137931
0.3503448275862069
0.9843119677274764
0.015688032272523533
0.7027586206896552
0.29724137931034483
0.9421783953384133
0.057821604661586735
0.723448275862069
0.27655172413793105
0.9381443298969072
0.061855670103092786
0.6303448275862069
0.3696551724137931
0.8561183325862842
0.14388166741371583
0.6855172413793104
0.31448275862068964
0.95338413267593
0.04661586732406992
0.5675862068965517
0.4324137931034483
0.7010309278350515
0.29896907216494845
0.7110344827586207
0.2889655172413793
0.9018377409233528
0.09816225907664725
0.8786206896551724
0.12137931034482759
0.9592111160914388
0.04078888390856118
0.8517241379310345
0.1482758620689655
0.9847601972209772
0.01523980277902286
0.5393103448275862
0.4606896551724138
0.9421783953384133
0.057821604661586735
0.6489655172413793
0.3510344827586207
0.9264903630658897
0.07350963693411026
0.6675862068965517
0.33241379310344826
0.8978036754818467
0.10219632451815329
0.3586206896551724
0.6413793103448275
0.7041685342895563
0.2958314657104437
0.7951724137931034
0.20482758620689656
0.9878978036754819
0.012102196324518153
0.33379310344827584
0.6662068965517242
0.815329448677723
0.184670551322277
0.9496551724137932
0.0503448275862069
0.9919318691169879
0.008068130883012102
0.6903448275862069
0.3096551724137931
0.9816225907664724
0.018377409233527566
0.6648275862068965
0.3351724137931035
0.9834155087404751
0.016584491259524877
0.9910344827586207
0.00896551724137931
0.6916181084715374
0.30838189152846257
0.9896551724137931
0.010344827586206896
0.738682205289108
0.261317794710892
0.9993103448275862
0.000689655172413793
0.8023307933662035
0.1976692066337965
0.983448275862069
0.016551724137931035
0.8525324966382788
0.1474675033617212
0.9972413793103448
0.002758620689655172
0.8762886597938144
0.12371134020618557
0.9910344827586207
0.00896551724137931
0.8417749887942627
0.15822501120573734
0.9979310344827587
0.0020689655172413794
0.896010757507844
0.10398924249215598
0.9986206896551724
0.001379310344827586
0.9260421335723891
0.07395786642761093
0.9724137931034482
0.027586206896551724
0.8830121021963245
0.11698789780367548
0.9944827586206897
0.005517241379310344
0.9255939040788884
0.07440609592111161
0.9868965517241379
0.01310344827586207
0.8449125952487674
0.15508740475123264
0.9489655172413793
0.05103448275862069
0.8359480053787539
0.1640519946212461
0.9544827586206897
0.04551724137931035
0.7548184670551322
0.24518153294486777
0.983448275862069
0.016551724137931035
0.9825190497534738
0.01748095024652622
0.9613793103448276
0.038620689655172416
0.8879426266248319
0.11205737337516809
0.8924137931034483
0.10758620689655173
0.9152846257283729
0.08471537427162708
0.9993103448275862
0.000689655172413793
0.9475571492604213
0.05244285073957866
0.9951724137931034
0.004827586206896552
0.9004930524428507
0.09950694755714926
0.953103448275862
0.04689655172413793
0.9040788883908562
0.09592111160914388
0.983448275862069
0.016551724137931035
0.9058718063648588
0.09412819363514119
0.8544827586206897
0.14551724137931035
0.7454056476916181
0.2545943523083819
0.9868965517241379
0.01310344827586207
0.8462572837292693
0.1537427162707306
0.9896551724137931
0.010344827586206896
0.9834155087404751
0.016584491259524877
0.9910344827586207
0.00896551724137931
0.9372478709099059
0.06275212909009413
0.9144827586206896
0.08551724137931034
0.8471537427162708
0.15284625728372928
0.7358620689655172
0.26413793103448274
0.6216943074854325
0.37830569251456747
0.9365517241379311
0.06344827586206897
0.8664276109367997
0.13357238906320035
0.43586206896551727
0.5641379310344827
0.9054235768713581
0.09457642312864187
0.4896551724137931
0.5103448275862069
0.9636934110264456
0.03630658897355446
0.7958620689655173
0.20413793103448277
0.9412819363514119
0.05871806364858808
0.6993103448275862
0.3006896551724138
0.9592111160914388
0.04078888390856118
0.5758620689655173
0.4241379310344828
0.9363514119229045
0.06364858807709547
0.5958620689655172
0.40413793103448276
0.8650829224562976
0.13491707754370239
