0.7027586206896552
0.29724137931034483
0.8937696100403406
0.10623038995965935
0.7524137931034482
0.24758620689655172
0.9323173464813985
0.06768265351860152
0.49448275862068963
0.5055172413793103
0.8027790228597041
0.19722097714029582
0.9806896551724138
0.019310344827586208
0.9977588525324966
0.0022411474675033617
0.52
0.48
0.8516360376512775
0.14836396234872254
0.6496551724137931
0.3503448275862069
0.9072164948453608
0.09278350515463918
0.6344827586206897
0.36551724137931035
0.9852084267144778
0.014791573285522188
0.7013793103448276
0.2986206896551724
0.9435230838189153
0.05647691618108472
0.733103448275862
0.26689655172413795
0.9363514119229045
0.06364858807709547
0.6268965517241379
0.37310344827586206
0.8628417749887942
0.13715822501120573
0.6868965517241379
0.31310344827586206
0.95338413267593
0.04661586732406992
0.5703448275862069
0.4296551724137931
0.7023756163155536
0.29762438368444644
0.7193103448275862
0.2806896551724138
0.8982519049753473
0.10174809502465262
0.8875862068965518
0.11241379310344828
0.9592111160914388
0.04078888390856118
0.8641379310344828
0.13586206896551725
0.9878978036754819
0.012102196324518153
0.5572413793103448
0.44275862068965516
0.9390407888839085
0.06095921111609144
0.6565517241379311
0.34344827586206894
0.9260421335723891
0.07395786642761093
0.6793103448275862
0.32068965517241377
0.9027341999103541
0.0972658000896459
0.3703448275862069
0.6296551724137931
0.7037203047960556
0.2962796952039444
0.8082758620689655
0.1917241379310345
0.9870013446884806
0.012998655311519497
0.34620689655172415
0.6537931034482759
0.815329448677723
0.184670551322277
0.9496551724137932
0.0503448275862069
0.9923800986104886
0.00761990138951143
0.6924137931034483
0.30758620689655175
0.9843119677274764
0.015688032272523533
0.6648275862068965
0.3351724137931035
0.9838637382339758
0.016136261766024205
0.9875862068965517
0.012413793103448275
0.6848946660690274
0.3151053339309727
0.9889655172413793
0.011034482758620689
0.738682205289108
0.261317794710892
0.9993103448275862
0.000689655172413793
0.8027790228597041
0.19722097714029582
0.9841379310344828
0.015862068965517243
0.8547736441057822
0.14522635589421784
0.9986206896551724
0.001379310344827586
0.8727028238458091
0.12729717615419095
0.9910344827586207
0.00896551724137931
0.8476019722097714
0.1523980277902286
0.9979310344827587
0.0020689655172413794
0.8955625280143433
0.10443747198565666
0.9993103448275862
0.000689655172413793
0.9264903630658897
0.07350963693411026
0.9710344827586207
0.028965517241379312
0.8852532496638279
0.11474675033617213
0.9937931034482759
0.006206896551724138
0.9251456745853878
0.07485432541461229
0.9882758620689656
0.011724137931034483
0.8484984311967727
0.15150156880322727
0.9468965517241379
0.05310344827586207
0.8350515463917526
0.16494845360824742
0.9510344827586207
0.04896551724137931
0.7601972209771403
0.2398027790228597
0.9841379310344828
0.015862068965517243
0.9847601972209772
0.01523980277902286
0.9682758620689655
0.031724137931034485
0.8870461676378306
0.11295383236216944
0.9013793103448275
0.09862068965517241
0.9161810847153743
0.08381891528462573
0.9993103448275862
0.000689655172413793
0.9502465262214254
0.04975347377857463
0.9937931034482759
0.006206896551724138
0.8964589870013447
0.10354101299865531
0.9593103448275863
0.04068965517241379
0.9027341999103541
0.0972658000896459
0.9855172413793103
0.014482758620689656
0.9045271178843568
0.09547288211564321
0.8524137931034482
0.14758620689655172
0.7476467951591215
0.25235320484087853
0.9868965517241379
0.01310344827586207
0.8529807261317794
0.14701927386822053
0.9896551724137931
0.010344827586206896
0.9847601972209772
0.01523980277902286
0.9917241379310345
0.008275862068965517
0.9350067234424025
0.06499327655759748
0.9103448275862069
0.0896551724137931
0.8561183325862842
0.14388166741371583
0.7351724137931035
0.26482758620689656
0.6230389959659346
0.37696100403406546
0.9365517241379311
0.06344827586206897
0.863290004482295
0.13670999551770507
0.4579310344827586
0.5420689655172414
0.9081129538323621
0.09188704616763783
0.48413793103448277
0.5158620689655172
0.9619004930524429
0.03809950694755715
0.8006896551724138
0.1993103448275862
0.9314208874943971
0.06857911250560286
0.7103448275862069
0.2896551724137931
0.9578664276109368
0.0421335723890632
0.5848275862068966
0.41517241379310343
0.9296279695203944
0.07037203047960555
0.6089655172413793
0.3910344827586207
0.8592559390407889
0.1407440609592111
