0.7174362508614749
0.28256374913852517
0.8860986547085202
0.11390134529147983
0.7484493452791179
0.25155065472088217
0.9304932735426009
0.06950672645739911
0.4913852515506547
0.5086147484493453
0.8112107623318385
0.18878923766816144
0.9807029634734665
0.019297036526533425
0.9968609865470852
0.003139013452914798
0.523776705720193
0.47622329427980703
0.8578475336322869
0.142152466367713
0.6740179186767746
0.32598208132322537
0.9067264573991032
0.09327354260089686
0.6602343211578222
0.3397656788421778
0.9874439461883409
0.012556053811659192
0.6995175740868367
0.3004824259131633
0.942152466367713
0.05784753363228699
0.729841488628532
0.27015851137146796
0.9295964125560539
0.07040358744394619
0.6361130254996554
0.3638869745003446
0.8654708520179372
0.13452914798206278
0.7077877325982082
0.29221226740179185
0.9542600896860987
0.045739910313901344
0.5720192970365265
0.42798070296347346
0.7035874439461883
0.29641255605381167
0.7291523087525844
0.2708476912474156
0.8959641255605382
0.10403587443946188
0.8780151619572708
0.12198483804272915
0.9605381165919282
0.039461883408071746
0.8607856650585803
0.13921433494141972
0.9838565022421525
0.016143497757847534
0.5596140592694693
0.44038594073053067
0.9381165919282511
0.06188340807174888
0.6685044796691937
0.3314955203308063
0.9264573991031391
0.07354260089686099
0.6857339765678843
0.3142660234321158
0.8995515695067264
0.10044843049327354
0.3673328738800827
0.6326671261199173
0.6995515695067265
0.3004484304932735
0.8070296347346657
0.19297036526533426
0.989237668161435
0.010762331838565023
0.3404548587181254
0.6595451412818746
0.8130044843049328
0.18699551569506725
0.9427980702963473
0.057201929703652656
0.9923766816143498
0.007623318385650224
0.687801516195727
0.3121984838042729
0.9811659192825112
0.01883408071748879
0.6691936595451413
0.33080634045485874
0.9834080717488789
0.016591928251121078
0.9910406616126809
0.00895933838731909
0.6865470852017937
0.3134529147982063
0.9917298414886285
0.008270158511371467
0.7354260089686099
0.2645739910313901
1.0
0.0014
0.8044843049327354
0.19551569506726457
0.9841488628532047
0.015851137146795313
0.8547085201793722
0.1452914798206278
0.9965541006202618
0.0034458993797381117
0.8762331838565023
0.12376681614349776
0.9903514817367333
0.009648518263266712
0.8426008968609865
0.15739910313901345
0.9986216402481047
0.0013783597518952446
0.895067264573991
0.10493273542600896
0.9986216402481047
0.0013783597518952446
0.9269058295964125
0.07309417040358744
0.9751895244658856
0.024810475534114404
0.8856502242152466
0.11434977578475336
0.9951757408683667
0.004824259131633356
0.9264573991031391
0.07354260089686099
0.9848380427291523
0.015161957270847692
0.8461883408071749
0.1538116591928251
0.9483115093039284
0.051688490696071676
0.8358744394618834
0.16412556053811658
0.9531357684355617
0.04686423156443832
0.757847533632287
0.242152466367713
0.980013783597519
0.019986216402481046
0.9825112107623318
0.01748878923766816
0.9682977257064094
0.03170227429359063
0.884304932735426
0.11569506726457399
0.9055823569951758
0.09441764300482426
0.9134529147982062
0.08654708520179372
1.0
0.0014
0.9417040358744395
0.05829596412556054
0.9931082012405238
0.006891798759476223
0.8968609865470852
0.1031390134529148
0.9565816678152997
0.043418332184700204
0.8968609865470852
0.1031390134529148
0.9813921433494142
0.018607856650585803
0.9085201793721973
0.09147982062780269
0.8511371467953136
0.14886285320468642
0.7484304932735426
0.2515695067264574
0.9862164024810476
0.013783597518952447
0.8443946188340807
0.1556053811659193
0.9896623018607856
0.010337698139214336
0.9838565022421525
0.016143497757847534
0.9931082012405238
0.006891798759476223
0.9363228699551569
0.06367713004484304
0.9179875947622329
0.08201240523776705
0.8524663677130044
0.1475336322869955
0.7443142660234321
0.2556857339765679
0.6201793721973095
0.3798206278026906
0.9283252929014473
0.07167470709855273
0.8623318385650224
0.13766816143497757
0.4548587181254307
0.5451412818745692
0.9
0.1
0.4941419710544452
0.5058580289455548
0.963677130044843
0.03632286995515695
0.8022053756030324
0.1977946243969676
0.9372197309417041
0.06278026905829596
0.7126119917298415
0.28738800827015853
0.9609865470852018
0.039013452914798206
0.5961405926946933
0.4038594073053067
0.9349775784753364
0.06502242152466367
0.6188835286009648
0.38111647139903515
0.8578475336322869
0.142152466367713
