0.715368711233632
0.284631288766368
0.889237668161435
0.11076233183856503
0.757408683666437
0.24259131633356307
0.9327354260089686
0.06726457399103139
0.47139903514817366
0.5286009648518263
0.810762331838565
0.18923766816143497
0.9779462439696761
0.022053756030323914
0.9977578475336323
0.002242152466367713
0.5093039283252929
0.4906960716747071
0.8560538116591928
0.14394618834080716
0.6616126809097175
0.3383873190902826
0.9116591928251121
0.08834080717488789
0.6354238456237078
0.3645761543762922
0.9865470852017937
0.013452914798206279
0.7050310130944176
0.2949689869055824
0.9417040358744395
0.05829596412556054
0.7305306685044797
0.2694693314955203
0.9363228699551569
0.06367713004484304
0.6471399035148173
0.35286009648518263
0.863677130044843
0.13632286995515694
0.6995175740868367
0.3004824259131633
0.9520179372197309
0.04798206278026906
0.5747760165403171
0.425223983459683
0.7062780269058296
0.2937219730941704
0.7305306685044797
0.2694693314955203
0.8977578475336323
0.10224215246636771
0.8800827015851137
0.11991729841488628
0.957847533632287
0.042152466367713005
0.853893866299104
0.14610613370089592
0.9852017937219731
0.014798206278026907
0.5458304617505169
0.45416953824948314
0.942152466367713
0.05784753363228699
0.6740179186767746
0.32598208132322537
0.9291479820627803
0.07085201793721974
0.6760854583046175
0.3239145416953825
0.8982062780269058
0.10179372197309416
0.3797381116471399
0.6202618883528601
0.7107623318385651
0.289237668161435
0.7953135768435562
0.20468642315644384
0.9883408071748879
0.011659192825112108
0.35010337698139216
0.6498966230186078
0.8237668161434978
0.17623318385650225
0.9490006891798759
0.05099931082012405
0.9932735426008968
0.006726457399103139
0.687801516195727
0.3121984838042729
0.9829596412556054
0.017040358744394617
0.6726395589248794
0.32736044107512063
0.9829596412556054
0.017040358744394617
0.9896623018607856
0.010337698139214336
0.694170403587444
0.305829596412556
0.9903514817367333
0.009648518263266712
0.7403587443946188
0.25964125560538115
0.9993108201240524
0.0006891798759476223
0.7986547085201794
0.20134529147982064
0.983459682977257
0.016540317022742935
0.8569506726457399
0.1430493273542601
0.9965541006202618
0.0034458993797381117
0.8802690582959641
0.11973094170403588
0.9917298414886285
0.008270158511371467
0.852914798206278
0.14708520179372198
0.9993108201240524
0.0006891798759476223
0.9
0.1
0.9986216402481047
0.0013783597518952446
0.9318385650224216
0.06816143497757847
0.972432804962095
0.027567195037904894
0.8825112107623319
0.11748878923766816
0.9937973811164714
0.006202618883528601
0.931390134529148
0.06860986547085202
0.9848380427291523
0.015161957270847692
0.852914798206278
0.14708520179372198
0.9462439696760855
0.053756030323914544
0.8430493273542601
0.15695067264573992
0.9524465885596141
0.04755341144038594
0.7618834080717489
0.23811659192825113
0.9807029634734665
0.019297036526533425
0.9807174887892377
0.019282511210762333
0.9710544452101999
0.028945554789800137
0.888340807174888
0.11165919282511211
0.8931771192281185
0.10682288077188146
0.9192825112107623
0.08071748878923767
0.9993108201240524
0.0006891798759476223
0.9515695067264573
0.0484304932735426
0.9937973811164714
0.006202618883528601
0.8986547085201794
0.10134529147982063
0.954514128187457
0.04548587181254307
0.9008968609865471
0.09910313901345291
0.980013783597519
0.019986216402481046
0.9094170403587444
0.09058295964125561
0.8532046864231564
0.14679531357684356
0.7475336322869955
0.25246636771300446
0.9848380427291523
0.015161957270847692
0.852017937219731
0.14798206278026907
0.9896623018607856
0.010337698139214336
0.9869955156950673
0.013004484304932735
0.9903514817367333
0.009648518263266712
0.931390134529148
0.06860986547085202
0.9166092350103378
0.0833907649896623
0.8524663677130044
0.1475336322869955
0.7346657477601654
0.2653342522398346
0.6233183856502242
0.37668161434977576
0.9359062715368711
0.06409372846312887
0.8605381165919282
0.13946188340807175
0.44658855961405924
0.5534114403859407
0.9076233183856502
0.09237668161434978
0.50723638869745
0.49276361130255
0.9600896860986547
0.03991031390134529
0.8104755341144039
0.18952446588559613
0.9363228699551569
0.06367713004484304
0.7064093728463129
0.2935906271536871
0.9614349775784753
0.03856502242152467
0.5837353549276361
0.4162646450723639
0.9345291479820628
0.06547085201793722
0.6044107512060648
0.3955892487939352
0.8623318385650224
0.13766816143497757
